
Epsilon:  1e-18

A: 
 [[ 2.25    3.      3.    ]
 [ 3.      9.0625 13.    ]
 [ 3.     13.     24.    ]]

b: 
 [ 9.     35.0625 61.    ]
~~~~~~~~~~~~~~~~~ 2.25
~~~~~~~~~~~~~~~~~ 5.0625
~~~~~~~~~~~~~~~~~ 4.0

L:
 [[1.5  0.   0.  ]
 [2.   2.25 0.  ]
 [2.   4.   2.  ]]
Lt : 
 [[1.5  2.   2.  ]
 [0.   2.25 4.  ]
 [0.   0.   2.  ]]
--------------------

 Ex2: 

Det A:  45.562499999999986
--------------------

 Ex3: 

[ 6.         15.58333333 30.5       ]
--------------------

 Ex4: 

1042.2987848844357 < 10 ** (-8) False

--------------------
Ex5:

L:
 [[ 1.          0.          0.        ]
 [ 1.          1.          0.        ]
 [ 0.75       -0.96428571  1.        ]] 


U:
 [[ 3.          9.0625     13.        ]
 [ 0.          3.9375     11.        ]
 [ 0.          0.          3.85714286]] 


x:
 [0. 1. 2.]
--------------------

Ex6:

LLt:
 [[ 5.11111111 -1.77777778 -1.55555556]
 [-1.77777778  0.44444444  0.88888889]
 [-1.55555556  0.88888889  0.27777778]] 


LLt_numpy:
 [[ 5.11111111 -1.77777778 -1.55555556]
 [-1.77777778  0.44444444  0.88888889]
 [-1.55555556  0.88888889  0.27777778]] 


LLt-LLt_numpy:
 9.615164527395713 

